% These are the control points for the bezier patches.
        verts = [  0.     1.     0;
                  0.5522   1     0;
                  1       0.5522  0;
                  1         0       0;
                  1     -0.5522     0;
                  0.5522   -1       0;
                  0         -1      0;
                  -0.5522   -1      0;
                  -1        -0.5522 0;
                  -1        0       0;
                  -1        0.5522  0;
                  -0.5522   1       0;
                  0         1       0;
                      0.     1.     0.5;
                     0.5522   1     0.5;
                     1      0.5522  0.5;
                  1         0       0.5;
                  1     -0.5522     0.5;
                  0.5522   -1       0.5;
                  0         -1      0.5;
                  -0.5522   -1      0.5;
                  -1        -0.5522 0.5;
                  -1        0       0.5;
                  -1        0.5522  0.5;
                  -0.5522   1       0.5;
                  0         1       0.5;
                        0.     1.     0.75;
                     0.5522   1     0.75;
                     1      0.5522  0.75;
                  1         0       0.75;
                  1     -0.5522     0.75;
                  0.5522   -1       0.75;
                  0         -1      0.75;
                  -0.5522   -1      0.75;
                  -1        -0.5522 0.75;
                  -1        0       0.75;
                  -1        0.5522  0.75;
                  -0.5522   1       0.75;
                  0         1       0.75;
                  0.     1.     1;
                  0.5522   1     1;
                  1       0.5522  1;
                  1         0       1;
                  1     -0.5522     1;
                  0.5522   -1       1;
                  0         -1      1;
                  -0.5522   -1      1;
                  -1        -0.5522 1;
                  -1        0       1;
                  -1        0.5522  1;
                  -0.5522   1       1;
                  0         1       1 ];
        quads_rot = cat(3, [
                       1   2   3   4 ;   14 15 16 17; 27 28 29 30; 40 41 42 43] , [
                       4  5  6  7; 17 18 19 20; 30 31 32 33; 43 44 45 46] , [
                       7 8 9 10; 20 21 22 23; 33 34 35 36; 46 47 48 49] ,[
                       10 11 12 13; 23 24 25 26; 36 37 38 39; 49 50 51 52]);